c = 299792458;                     %光速
Fs = 32317000;      %采样率                                   
start = 6.5959e-03;         %开窗时间 
Tr = 4.175000000000000e-05;        %脉冲宽度                        
f0 = 5.300000000000000e+09;                    %载频                     
PRF = 1.256980000000000e+03;       %PRF                     
Vr = 7062;                       %雷达速度     
B = 30.111e+06;        %信号带宽
fc=-6900;          %多普勒中心频率